0 181 190
1 66 388
2 163 124
3 406 376
4 62 197
5 305 14
6 80 450
7 5 61
8 177 237
9 292 462
10 227 148
11 56 216
12 107 416
13 220 393
14 376 419
15 397 290
16 233 12
17 26 429
18 475 310
19 309 209
20 60 36
21 181 198
22 309 203
23 146 398
24 454 183
25 455 496
26 309 283
27 237 117
28 407 134
29 304 390
30 307 404
31 396 175
32 0 148
33 484 378
34 295 82
35 26 26
36 329 72
37 300 81
38 485 99
39 382 286
40 341 463
41 115 474
42 128 403
43 390 39
44 412 7
45 124 234
46 176 125
47 362 266
48 469 76
49 235 175
50 149 215
51 365 121
52 217 76
53 179 52
54 342 411
55 464 180
56 381 208
57 186 285
58 416 144
59 181 266
60 46 355
61 311 464
62 366 459
63 388 367
64 96 42
65 60 283
66 466 450
67 308 336
68 187 262
69 431 416
70 98 338
71 208 119
72 347 184
73 33 247
74 494 215
75 310 61
76 8 229
77 42 443
78 406 410
79 196 321
80 248 8
81 75 18
82 300 265
83 116 215
84 159 133
85 458 307
86 44 467
87 488 102
88 281 66
89 367 485
90 481 444
91 160 125
92 29 119
93 123 69
94 294 227
95 18 135
96 430 453
97 136 61
98 359 77
99 354 157
