0 135 290
1 78 378
2 449 323
3 381 309
4 412 353
5 306 98
6 275 434
7 409 375
8 267 499
9 210 406
10 167 349
11 123 208
12 420 241
13 237 278
14 180 12
15 153 414
16 60 116
17 226 225
18 211 67
19 10 126
20 321 261
21 229 180
22 485 149
23 28 148
24 267 382
25 111 246
26 390 283
27 210 438
28 482 236
29 188 300
30 339 317
31 8 87
32 439 215
33 495 22
34 189 102
35 398 399
36 471 323
37 46 237
38 38 162
39 79 177
40 282 77
41 11 189
42 283 52
43 332 86
44 321 177
45 339 143
46 440 311
47 411 92
48 98 183
49 236 131
