0 276 97
1 255 446
2 362 153
3 460 404
4 146 298
5 394 317
6 354 242
7 35 26
8 273 331
9 202 287
10 285 367
11 49 240
12 99 497
13 319 333
14 356 228
15 384 225
16 367 4
17 120 179
18 110 153
19 350 320
20 331 2
21 272 142
22 491 406
23 233 331
24 74 292
25 499 18
26 120 214
27 76 8
28 350 408
29 60 205
30 12 347
31 156 223
32 479 334
33 346 278
34 456 151
35 368 20
36 194 212
37 248 493
38 334 310
39 77 474
40 165 476
41 356 204
42 10 312
43 279 459
44 382 427
45 404 381
46 152 201
47 481 31
48 175 311
49 208 496
50 140 425
51 166 368
52 52 435
53 437 93
54 342 461
55 478 174
56 292 443
57 95 470
58 409 124
59 79 299
60 497 480
61 233 325
62 192 483
63 271 51
64 99 74
65 500 459
66 410 359
67 154 166
68 235 325
69 289 248
70 413 96
71 182 284
72 226 295
73 162 250
74 177 181
