0 303 365 1 131 207
0 303 365 2 206 215
0 303 365 3 163 305
0 303 365 4 47 387
0 303 365 5 91 93
0 303 365 6 73 27
0 303 365 7 147 82
0 303 365 8 496 161
0 303 365 9 134 175
0 303 365 10 403 174
0 303 365 11 355 361
0 303 365 12 453 134
0 303 365 13 20 79
0 303 365 14 284 190
0 303 365 15 206 264
0 303 365 16 53 56
0 303 365 17 173 203
0 303 365 18 337 74
0 303 365 19 155 337
0 303 365 20 79 199
0 303 365 21 493 495
0 303 365 22 133 76
0 303 365 23 203 261
0 303 365 24 142 210
1 131 207 0 303 365
1 131 207 2 206 215
1 131 207 3 163 305
1 131 207 4 47 387
1 131 207 5 91 93
1 131 207 6 73 27
1 131 207 7 147 82
1 131 207 8 496 161
1 131 207 9 134 175
1 131 207 10 403 174
1 131 207 11 355 361
1 131 207 12 453 134
1 131 207 13 20 79
1 131 207 14 284 190
1 131 207 15 206 264
1 131 207 16 53 56
1 131 207 17 173 203
1 131 207 18 337 74
1 131 207 19 155 337
1 131 207 20 79 199
1 131 207 21 493 495
1 131 207 22 133 76
1 131 207 23 203 261
1 131 207 24 142 210
2 206 215 0 303 365
2 206 215 1 131 207
2 206 215 3 163 305
2 206 215 4 47 387
2 206 215 5 91 93
2 206 215 6 73 27
2 206 215 7 147 82
2 206 215 8 496 161
2 206 215 9 134 175
2 206 215 10 403 174
2 206 215 11 355 361
2 206 215 12 453 134
2 206 215 13 20 79
2 206 215 14 284 190
2 206 215 15 206 264
2 206 215 16 53 56
2 206 215 17 173 203
2 206 215 18 337 74
2 206 215 19 155 337
2 206 215 20 79 199
2 206 215 21 493 495
2 206 215 22 133 76
2 206 215 23 203 261
2 206 215 24 142 210
3 163 305 0 303 365
3 163 305 1 131 207
3 163 305 2 206 215
3 163 305 4 47 387
3 163 305 5 91 93
3 163 305 6 73 27
3 163 305 7 147 82
3 163 305 8 496 161
3 163 305 9 134 175
3 163 305 10 403 174
3 163 305 11 355 361
3 163 305 12 453 134
3 163 305 13 20 79
3 163 305 14 284 190
3 163 305 15 206 264
3 163 305 16 53 56
3 163 305 17 173 203
3 163 305 18 337 74
3 163 305 19 155 337
3 163 305 20 79 199
3 163 305 21 493 495
3 163 305 22 133 76
3 163 305 23 203 261
3 163 305 24 142 210
4 47 387 0 303 365
4 47 387 1 131 207
4 47 387 2 206 215
4 47 387 3 163 305
4 47 387 5 91 93
4 47 387 6 73 27
4 47 387 7 147 82
4 47 387 8 496 161
4 47 387 9 134 175
4 47 387 10 403 174
4 47 387 11 355 361
4 47 387 12 453 134
4 47 387 13 20 79
4 47 387 14 284 190
4 47 387 15 206 264
4 47 387 16 53 56
4 47 387 17 173 203
4 47 387 18 337 74
4 47 387 19 155 337
4 47 387 20 79 199
4 47 387 21 493 495
4 47 387 22 133 76
4 47 387 23 203 261
4 47 387 24 142 210
5 91 93 0 303 365
5 91 93 1 131 207
5 91 93 2 206 215
5 91 93 3 163 305
5 91 93 4 47 387
5 91 93 6 73 27
5 91 93 7 147 82
5 91 93 8 496 161
5 91 93 9 134 175
5 91 93 10 403 174
5 91 93 11 355 361
5 91 93 12 453 134
5 91 93 13 20 79
5 91 93 14 284 190
5 91 93 15 206 264
5 91 93 16 53 56
5 91 93 17 173 203
5 91 93 18 337 74
5 91 93 19 155 337
5 91 93 20 79 199
5 91 93 21 493 495
5 91 93 22 133 76
5 91 93 23 203 261
5 91 93 24 142 210
6 73 27 0 303 365
6 73 27 1 131 207
6 73 27 2 206 215
6 73 27 3 163 305
6 73 27 4 47 387
6 73 27 5 91 93
6 73 27 7 147 82
6 73 27 8 496 161
6 73 27 9 134 175
6 73 27 10 403 174
6 73 27 11 355 361
6 73 27 12 453 134
6 73 27 13 20 79
6 73 27 14 284 190
6 73 27 15 206 264
6 73 27 16 53 56
6 73 27 17 173 203
6 73 27 18 337 74
6 73 27 19 155 337
6 73 27 20 79 199
6 73 27 21 493 495
6 73 27 22 133 76
6 73 27 23 203 261
6 73 27 24 142 210
7 147 82 0 303 365
7 147 82 1 131 207
7 147 82 2 206 215
7 147 82 3 163 305
7 147 82 4 47 387
7 147 82 5 91 93
7 147 82 6 73 27
7 147 82 8 496 161
7 147 82 9 134 175
7 147 82 10 403 174
7 147 82 11 355 361
7 147 82 12 453 134
7 147 82 13 20 79
7 147 82 14 284 190
7 147 82 15 206 264
7 147 82 16 53 56
7 147 82 17 173 203
7 147 82 18 337 74
7 147 82 19 155 337
7 147 82 20 79 199
7 147 82 21 493 495
7 147 82 22 133 76
7 147 82 23 203 261
7 147 82 24 142 210
8 496 161 0 303 365
8 496 161 1 131 207
8 496 161 2 206 215
8 496 161 3 163 305
8 496 161 4 47 387
8 496 161 5 91 93
8 496 161 6 73 27
8 496 161 7 147 82
8 496 161 9 134 175
8 496 161 10 403 174
8 496 161 11 355 361
8 496 161 12 453 134
8 496 161 13 20 79
8 496 161 14 284 190
8 496 161 15 206 264
8 496 161 16 53 56
8 496 161 17 173 203
8 496 161 18 337 74
8 496 161 19 155 337
8 496 161 20 79 199
8 496 161 21 493 495
8 496 161 22 133 76
8 496 161 23 203 261
8 496 161 24 142 210
9 134 175 0 303 365
9 134 175 1 131 207
9 134 175 2 206 215
9 134 175 3 163 305
9 134 175 4 47 387
9 134 175 5 91 93
9 134 175 6 73 27
9 134 175 7 147 82
9 134 175 8 496 161
9 134 175 10 403 174
9 134 175 11 355 361
9 134 175 12 453 134
9 134 175 13 20 79
9 134 175 14 284 190
9 134 175 15 206 264
9 134 175 16 53 56
9 134 175 17 173 203
9 134 175 18 337 74
9 134 175 19 155 337
9 134 175 20 79 199
9 134 175 21 493 495
9 134 175 22 133 76
9 134 175 23 203 261
9 134 175 24 142 210
10 403 174 0 303 365
10 403 174 1 131 207
10 403 174 2 206 215
10 403 174 3 163 305
10 403 174 4 47 387
10 403 174 5 91 93
10 403 174 6 73 27
10 403 174 7 147 82
10 403 174 8 496 161
10 403 174 9 134 175
10 403 174 11 355 361
10 403 174 12 453 134
10 403 174 13 20 79
10 403 174 14 284 190
10 403 174 15 206 264
10 403 174 16 53 56
10 403 174 17 173 203
10 403 174 18 337 74
10 403 174 19 155 337
10 403 174 20 79 199
10 403 174 21 493 495
10 403 174 22 133 76
10 403 174 23 203 261
10 403 174 24 142 210
11 355 361 0 303 365
11 355 361 1 131 207
11 355 361 2 206 215
11 355 361 3 163 305
11 355 361 4 47 387
11 355 361 5 91 93
11 355 361 6 73 27
11 355 361 7 147 82
11 355 361 8 496 161
11 355 361 9 134 175
11 355 361 10 403 174
11 355 361 12 453 134
11 355 361 13 20 79
11 355 361 14 284 190
11 355 361 15 206 264
11 355 361 16 53 56
11 355 361 17 173 203
11 355 361 18 337 74
11 355 361 19 155 337
11 355 361 20 79 199
11 355 361 21 493 495
11 355 361 22 133 76
11 355 361 23 203 261
11 355 361 24 142 210
12 453 134 0 303 365
12 453 134 1 131 207
12 453 134 2 206 215
12 453 134 3 163 305
12 453 134 4 47 387
12 453 134 5 91 93
12 453 134 6 73 27
12 453 134 7 147 82
12 453 134 8 496 161
12 453 134 9 134 175
12 453 134 10 403 174
12 453 134 11 355 361
12 453 134 13 20 79
12 453 134 14 284 190
12 453 134 15 206 264
12 453 134 16 53 56
12 453 134 17 173 203
12 453 134 18 337 74
12 453 134 19 155 337
12 453 134 20 79 199
12 453 134 21 493 495
12 453 134 22 133 76
12 453 134 23 203 261
12 453 134 24 142 210
13 20 79 0 303 365
13 20 79 1 131 207
13 20 79 2 206 215
13 20 79 3 163 305
13 20 79 4 47 387
13 20 79 5 91 93
13 20 79 6 73 27
13 20 79 7 147 82
13 20 79 8 496 161
13 20 79 9 134 175
13 20 79 10 403 174
13 20 79 11 355 361
13 20 79 12 453 134
13 20 79 14 284 190
13 20 79 15 206 264
13 20 79 16 53 56
13 20 79 17 173 203
13 20 79 18 337 74
13 20 79 19 155 337
13 20 79 20 79 199
13 20 79 21 493 495
13 20 79 22 133 76
13 20 79 23 203 261
13 20 79 24 142 210
14 284 190 0 303 365
14 284 190 1 131 207
14 284 190 2 206 215
14 284 190 3 163 305
14 284 190 4 47 387
14 284 190 5 91 93
14 284 190 6 73 27
14 284 190 7 147 82
14 284 190 8 496 161
14 284 190 9 134 175
14 284 190 10 403 174
14 284 190 11 355 361
14 284 190 12 453 134
14 284 190 13 20 79
14 284 190 15 206 264
14 284 190 16 53 56
14 284 190 17 173 203
14 284 190 18 337 74
14 284 190 19 155 337
14 284 190 20 79 199
14 284 190 21 493 495
14 284 190 22 133 76
14 284 190 23 203 261
14 284 190 24 142 210
15 206 264 0 303 365
15 206 264 1 131 207
15 206 264 2 206 215
15 206 264 3 163 305
15 206 264 4 47 387
15 206 264 5 91 93
15 206 264 6 73 27
15 206 264 7 147 82
15 206 264 8 496 161
15 206 264 9 134 175
15 206 264 10 403 174
15 206 264 11 355 361
15 206 264 12 453 134
15 206 264 13 20 79
15 206 264 14 284 190
15 206 264 16 53 56
15 206 264 17 173 203
15 206 264 18 337 74
15 206 264 19 155 337
15 206 264 20 79 199
15 206 264 21 493 495
15 206 264 22 133 76
15 206 264 23 203 261
15 206 264 24 142 210
16 53 56 0 303 365
16 53 56 1 131 207
16 53 56 2 206 215
16 53 56 3 163 305
16 53 56 4 47 387
16 53 56 5 91 93
16 53 56 6 73 27
16 53 56 7 147 82
16 53 56 8 496 161
16 53 56 9 134 175
16 53 56 10 403 174
16 53 56 11 355 361
16 53 56 12 453 134
16 53 56 13 20 79
16 53 56 14 284 190
16 53 56 15 206 264
16 53 56 17 173 203
16 53 56 18 337 74
16 53 56 19 155 337
16 53 56 20 79 199
16 53 56 21 493 495
16 53 56 22 133 76
16 53 56 23 203 261
16 53 56 24 142 210
17 173 203 0 303 365
17 173 203 1 131 207
17 173 203 2 206 215
17 173 203 3 163 305
17 173 203 4 47 387
17 173 203 5 91 93
17 173 203 6 73 27
17 173 203 7 147 82
17 173 203 8 496 161
17 173 203 9 134 175
17 173 203 10 403 174
17 173 203 11 355 361
17 173 203 12 453 134
17 173 203 13 20 79
17 173 203 14 284 190
17 173 203 15 206 264
17 173 203 16 53 56
17 173 203 18 337 74
17 173 203 19 155 337
17 173 203 20 79 199
17 173 203 21 493 495
17 173 203 22 133 76
17 173 203 23 203 261
17 173 203 24 142 210
18 337 74 0 303 365
18 337 74 1 131 207
18 337 74 2 206 215
18 337 74 3 163 305
18 337 74 4 47 387
18 337 74 5 91 93
18 337 74 6 73 27
18 337 74 7 147 82
18 337 74 8 496 161
18 337 74 9 134 175
18 337 74 10 403 174
18 337 74 11 355 361
18 337 74 12 453 134
18 337 74 13 20 79
18 337 74 14 284 190
18 337 74 15 206 264
18 337 74 16 53 56
18 337 74 17 173 203
18 337 74 19 155 337
18 337 74 20 79 199
18 337 74 21 493 495
18 337 74 22 133 76
18 337 74 23 203 261
18 337 74 24 142 210
19 155 337 0 303 365
19 155 337 1 131 207
19 155 337 2 206 215
19 155 337 3 163 305
19 155 337 4 47 387
19 155 337 5 91 93
19 155 337 6 73 27
19 155 337 7 147 82
19 155 337 8 496 161
19 155 337 9 134 175
19 155 337 10 403 174
19 155 337 11 355 361
19 155 337 12 453 134
19 155 337 13 20 79
19 155 337 14 284 190
19 155 337 15 206 264
19 155 337 16 53 56
19 155 337 17 173 203
19 155 337 18 337 74
19 155 337 20 79 199
19 155 337 21 493 495
19 155 337 22 133 76
19 155 337 23 203 261
19 155 337 24 142 210
20 79 199 0 303 365
20 79 199 1 131 207
20 79 199 2 206 215
20 79 199 3 163 305
20 79 199 4 47 387
20 79 199 5 91 93
20 79 199 6 73 27
20 79 199 7 147 82
20 79 199 8 496 161
20 79 199 9 134 175
20 79 199 10 403 174
20 79 199 11 355 361
20 79 199 12 453 134
20 79 199 13 20 79
20 79 199 14 284 190
20 79 199 15 206 264
20 79 199 16 53 56
20 79 199 17 173 203
20 79 199 18 337 74
20 79 199 19 155 337
20 79 199 21 493 495
20 79 199 22 133 76
20 79 199 23 203 261
20 79 199 24 142 210
21 493 495 0 303 365
21 493 495 1 131 207
21 493 495 2 206 215
21 493 495 3 163 305
21 493 495 4 47 387
21 493 495 5 91 93
21 493 495 6 73 27
21 493 495 7 147 82
21 493 495 8 496 161
21 493 495 9 134 175
21 493 495 10 403 174
21 493 495 11 355 361
21 493 495 12 453 134
21 493 495 13 20 79
21 493 495 14 284 190
21 493 495 15 206 264
21 493 495 16 53 56
21 493 495 17 173 203
21 493 495 18 337 74
21 493 495 19 155 337
21 493 495 20 79 199
21 493 495 22 133 76
21 493 495 23 203 261
21 493 495 24 142 210
22 133 76 0 303 365
22 133 76 1 131 207
22 133 76 2 206 215
22 133 76 3 163 305
22 133 76 4 47 387
22 133 76 5 91 93
22 133 76 6 73 27
22 133 76 7 147 82
22 133 76 8 496 161
22 133 76 9 134 175
22 133 76 10 403 174
22 133 76 11 355 361
22 133 76 12 453 134
22 133 76 13 20 79
22 133 76 14 284 190
22 133 76 15 206 264
22 133 76 16 53 56
22 133 76 17 173 203
22 133 76 18 337 74
22 133 76 19 155 337
22 133 76 20 79 199
22 133 76 21 493 495
22 133 76 23 203 261
22 133 76 24 142 210
23 203 261 0 303 365
23 203 261 1 131 207
23 203 261 2 206 215
23 203 261 3 163 305
23 203 261 4 47 387
23 203 261 5 91 93
23 203 261 6 73 27
23 203 261 7 147 82
23 203 261 8 496 161
23 203 261 9 134 175
23 203 261 10 403 174
23 203 261 11 355 361
23 203 261 12 453 134
23 203 261 13 20 79
23 203 261 14 284 190
23 203 261 15 206 264
23 203 261 16 53 56
23 203 261 17 173 203
23 203 261 18 337 74
23 203 261 19 155 337
23 203 261 20 79 199
23 203 261 21 493 495
23 203 261 22 133 76
23 203 261 24 142 210
24 142 210 0 303 365
24 142 210 1 131 207
24 142 210 2 206 215
24 142 210 3 163 305
24 142 210 4 47 387
24 142 210 5 91 93
24 142 210 6 73 27
24 142 210 7 147 82
24 142 210 8 496 161
24 142 210 9 134 175
24 142 210 10 403 174
24 142 210 11 355 361
24 142 210 12 453 134
24 142 210 13 20 79
24 142 210 14 284 190
24 142 210 15 206 264
24 142 210 16 53 56
24 142 210 17 173 203
24 142 210 18 337 74
24 142 210 19 155 337
24 142 210 20 79 199
24 142 210 21 493 495
24 142 210 22 133 76
24 142 210 23 203 261
